1267000
1269000
1279000
1282000
1288000
1294000
1290000
1308000
1312000
1279000
1305000
1260000
1285000
1269000
1246000
1266000
1275000
1300000
1300000
1299000
1288000
1299000
1294000
1280000
1281000
1296000
1300000
1265000
1245000
1250000
1261000
1290000
1299000
1296000
1292000
1281000
1253000
1248000
1264000
1268000
1270000
1269000
1286000
1271000
1295000
1296000
1282000
1280000
1292000
1333000
1365000
1377000
1398000
1406000
1430000
1406000
1371000
1380000
1413000
1409000
1426000
1431000
1448000
1445000
1430000
1400000
1398000
1399000
1396000
1425000
1466000
1466000
1469000
1421000
1450000
1460000
1489000
1464000
1481000
1500000
1518000
1533000
1533000
1540000
1543000
1516000
1502000
1530000
1527000
1507000
1539000
1568000
1548000
1517000
1517000
1561000
1569000
1567000
1541000
1559000
1545000
1568000
1566000
1640000
1675000
1665000
1687000
1653000
1639000
1612000
1640000
1645000
1620000
1587000
1597000
1606000
1643000
1621000
1639000
1575000
1465000
1527000
1558000
1585000
1592000
1618000
1571000
1568000
1569000
1567000
1600000
1598000
1614000
1619000
1691000
1706000
1680000
1545000
1535000
1557000
1577000
1590000
1589000
1625000
1620000
1589000
1608000
1597000
1567000
1573000
1614000
1639000
1652000
1643000
1616000
1627000
1640000
1644000
1596000
1649000
1598000
1553000
1539000
1558000
1568000
1586000
1593000
1640000
1649000
1650000
1650000
1677000
1677000
1746000
1749000
1727000
1718000
1748000
1772000
1790000
1780000
1752000
1766000
1777000
1759000
1793000
1795000
1812000
1805000
1809000
1782000
1798000
1799000
1788000
1802000
1805000
1824000
1808000
1778000
1810000
1861000
1862000
1914000
1940000
1873000
1833000
1848000
1847000
1874000
1860000
1903000
1908000
1970000
1995000
1973000
1956000
1968000
1973000
1978000
1941000
1920000
1920000
1918000
1898000
1879000
1886000
1901000
1893000
1933000
1947000
1965000
1959000
1911000
1903000
1922000
1986000
1981000
2004000
2010000
2010000
2010000
2009000
2030000
2068000
2070000
2092000
2120000
2095000