1.000000000000000000e+00 1.000000000000000000e+00 9.666666666666666741e-01 9.333333333333333481e-01 9.655172413793103869e-01
1.000000000000000000e+00 9.666666666666666741e-01 9.333333333333333481e-01 1.000000000000000000e+00 1.000000000000000000e+00
1.000000000000000000e+00 9.666666666666666741e-01 9.666666666666666741e-01 1.000000000000000000e+00 1.000000000000000000e+00
1.000000000000000000e+00 9.666666666666666741e-01 9.666666666666666741e-01 9.666666666666666741e-01 1.000000000000000000e+00
1.000000000000000000e+00 1.000000000000000000e+00 1.000000000000000000e+00 1.000000000000000000e+00 9.310344827586206629e-01
9.333333333333333481e-01 1.000000000000000000e+00 1.000000000000000000e+00 9.333333333333333481e-01 1.000000000000000000e+00
1.000000000000000000e+00 1.000000000000000000e+00 1.000000000000000000e+00 9.666666666666666741e-01 1.000000000000000000e+00
9.666666666666666741e-01 1.000000000000000000e+00 9.666666666666666741e-01 9.333333333333333481e-01 1.000000000000000000e+00
9.333333333333333481e-01 1.000000000000000000e+00 9.666666666666666741e-01 1.000000000000000000e+00 1.000000000000000000e+00
9.333333333333333481e-01 1.000000000000000000e+00 9.666666666666666741e-01 1.000000000000000000e+00 9.655172413793103869e-01
9.666666666666666741e-01 9.333333333333333481e-01 1.000000000000000000e+00 9.666666666666666741e-01 1.000000000000000000e+00
9.666666666666666741e-01 9.666666666666666741e-01 1.000000000000000000e+00 9.333333333333333481e-01 9.655172413793103869e-01
1.000000000000000000e+00 9.666666666666666741e-01 1.000000000000000000e+00 9.333333333333333481e-01 1.000000000000000000e+00
9.666666666666666741e-01 1.000000000000000000e+00 1.000000000000000000e+00 9.333333333333333481e-01 9.655172413793103869e-01
1.000000000000000000e+00 1.000000000000000000e+00 1.000000000000000000e+00 9.666666666666666741e-01 9.310344827586206629e-01
9.666666666666666741e-01 9.666666666666666741e-01 1.000000000000000000e+00 1.000000000000000000e+00 9.655172413793103869e-01
1.000000000000000000e+00 9.666666666666666741e-01 9.666666666666666741e-01 9.666666666666666741e-01 1.000000000000000000e+00
9.666666666666666741e-01 9.666666666666666741e-01 1.000000000000000000e+00 9.333333333333333481e-01 1.000000000000000000e+00
9.666666666666666741e-01 1.000000000000000000e+00 9.666666666666666741e-01 1.000000000000000000e+00 9.655172413793103869e-01
9.666666666666666741e-01 1.000000000000000000e+00 1.000000000000000000e+00 1.000000000000000000e+00 9.655172413793103869e-01
1.000000000000000000e+00 9.666666666666666741e-01 9.333333333333333481e-01 1.000000000000000000e+00 1.000000000000000000e+00
1.000000000000000000e+00 1.000000000000000000e+00 1.000000000000000000e+00 1.000000000000000000e+00 9.655172413793103869e-01
1.000000000000000000e+00 9.666666666666666741e-01 9.666666666666666741e-01 9.666666666666666741e-01 1.000000000000000000e+00
1.000000000000000000e+00 9.666666666666666741e-01 9.333333333333333481e-01 1.000000000000000000e+00 1.000000000000000000e+00
1.000000000000000000e+00 1.000000000000000000e+00 1.000000000000000000e+00 9.666666666666666741e-01 1.000000000000000000e+00
9.666666666666666741e-01 9.666666666666666741e-01 9.666666666666666741e-01 1.000000000000000000e+00 8.965517241379310498e-01
9.666666666666666741e-01 9.666666666666666741e-01 1.000000000000000000e+00 1.000000000000000000e+00 9.655172413793103869e-01
1.000000000000000000e+00 1.000000000000000000e+00 9.666666666666666741e-01 1.000000000000000000e+00 9.310344827586206629e-01
1.000000000000000000e+00 1.000000000000000000e+00 1.000000000000000000e+00 9.333333333333333481e-01 1.000000000000000000e+00
9.666666666666666741e-01 1.000000000000000000e+00 1.000000000000000000e+00 9.666666666666666741e-01 9.655172413793103869e-01
